======================================================================
  GREEDY TSP ALGORITHM REPORT (Nearest Neighbor)
  Instance Name: RAT575
  Dimension:     575 cities
======================================================================

  Start Node   Cost (Distance)    Time (s)    
  ------------------------------------------
  0            8449.3183          0.002249    
  1            8477.1623          0.002065    
  2            8481.2467          0.002044    
  3            8472.4885          0.002089    
  4            8441.1978          0.002155    
  5            8283.8269          0.002146    
  6            8393.6950          0.002080    
  7            8381.7790          0.002033    
  8            8501.1277          0.002016    
  9            8428.8748          0.002004    
  10           8479.0810          0.002010    
  11           8484.1728          0.002027    
  12           8278.8207          0.002082    
  13           8356.1692          0.002065    
  14           8487.8336          0.002100    
  15           8476.6187          0.002045    
  16           8504.9135          0.002023    
  17           8385.9158          0.002020    
  18           8386.0444          0.002002    
  19           8393.0011          0.002057    
  20           8365.6239          0.002043    
  21           8366.2699          0.002184    
  22           8367.2295          0.002106    
  23           8447.4377          0.002085    
  24           8446.2067          0.002041    
  25           8448.4330          0.002029    
  26           8452.3700          0.002050    
  27           8439.4908          0.002041    
  28           8418.6149          0.002163    
  29           8487.0442          0.002069    
  30           8455.8443          0.002038    
  31           8365.7816          0.002026    
  32           8477.8003          0.002042    
  33           8493.3480          0.002095    
  34           8462.3442          0.002049    
  35           8675.7506          0.002143    
  36           8679.3785          0.002023    
  37           8474.2667          0.001993    
  38           8461.8470          0.001970    
  39           8374.3496          0.001977    
  40           8502.3553          0.001976    
  41           8422.3740          0.001983    
  42           8405.2610          0.001982    
  43           8371.3880          0.002095    
  44           8366.2699          0.002080    
  45           8366.2699          0.002116    
  46           8330.3573          0.002112    
  47           8402.2709          0.002174    
  48           8396.7820          0.002126    
  49           8428.0291          0.001997    
  50           8417.2493          0.002005    
  51           8471.4909          0.002036    
  52           8462.0203          0.002072    
  53           8262.4232          0.002068    
  54           8666.0631          0.002037    
  55           8291.1081          0.002049    
  56           8666.9256          0.001985    
  57           8303.4686          0.001974    
  58           8672.4448          0.002008    
  59           8431.2420          0.001962    
  60           8315.2289          0.001983    
  61           8313.8224          0.001979    
  62           8315.2052          0.001974    
  63           8245.3531          0.002018    
  64           8630.1892          0.001984    
  65           8585.7850          0.002029    
  66           8385.5888          0.002009    
  67           8651.3012          0.001996    
  68           8226.4059          0.002009    
  69           8330.3573          0.002005    
  70           8394.5859          0.002001    
  71           8417.4994          0.001993    
  72           8321.9982          0.001990    
  73           8412.5863          0.002004    
  74           8349.5297          0.001973    
  75           8609.1016          0.001990    
  76           8364.9038          0.001970    
  77           8656.0896          0.001996    
  78           8286.1967          0.002055    
  79           8354.4772          0.001982    
  80           8502.2434          0.002046    
  81           8333.7340          0.001984    
  82           8492.9293          0.001969    
  83           8496.8169          0.001968    
  84           8345.6601          0.001967    
  85           8690.2579          0.001968    
  86           8347.9623          0.001968    
  87           8593.0332          0.001968    
  88           8607.9547          0.002124    
  89           8376.6810          0.002021    
  90           8423.6696          0.001997    
  91           8660.4566          0.001988    
  92           8405.5746          0.001974    
  93           8300.0055          0.002021    
  94           8292.8146          0.002006    
  95           8636.8362          0.002049    
  96           8622.1664          0.002034    
  97           8343.9942          0.002018    
  98           8593.0871          0.001999    
  99           8601.2789          0.001988    
  100          8346.4903          0.001975    
  101          8436.9466          0.002013    
  102          8438.5095          0.001984    
  103          8294.7504          0.002064    
  104          8271.6663          0.002049    
  105          8223.7716          0.002056    
  106          8639.2923          0.002081    
  107          8253.3342          0.002120    
  108          8249.4025          0.002022    
  109          8286.9596          0.001983    
  110          8458.0058          0.002021    
  111          8469.5754          0.002001    
  112          8469.4451          0.001984    
  113          8466.1508          0.001976    
  114          8282.9008          0.002009    
  115          8278.9835          0.001996    
  116          8394.9731          0.001990    
  117          8345.2536          0.001984    
  118          8353.6951          0.002152    
  119          8591.6860          0.002011    
  120          8342.5229          0.001982    
  121          8334.8404          0.001969    
  122          8346.5305          0.002025    
  123          8562.7499          0.001980    
  124          8358.3604          0.001967    
  125          8437.0831          0.002020    
  126          8567.1623          0.001982    
  127          8268.9648          0.002002    
  128          8273.3181          0.001992    
  129          8130.3687          0.001981    
  130          8187.2321          0.001968    
  131          8201.6098          0.001978    
  132          8266.9337          0.001990    
  133          8450.3013          0.002042    
  134          8449.5165          0.001998    
  135          8448.0652          0.002011    
  136          8450.0461          0.002001    
  137          8269.1762          0.002031    
  138          8291.7586          0.001985    
  139          8339.3271          0.001988    
  140          8129.5412          0.002043    
  141          8272.5276          0.002050    
  142          8283.3890          0.002015    
  143          8301.0781          0.002006    
  144          8318.7301          0.002055    
  145          8554.4598          0.002091    
  146          8560.4057          0.002079    
  147          8430.1723          0.002058    
  148          8568.2162          0.002017    
  149          8394.3962          0.002012    
  150          8138.1930          0.002006    
  151          8361.3636          0.001996    
  152          8375.8178          0.002112    
  153          8246.9202          0.002036    
  154          8625.0661          0.002008    
  155          8221.9938          0.002045    
  156          8606.9299          0.002026    
  157          8461.3300          0.002012    
  158          8456.7536          0.001977    
  159          8516.9669          0.001976    
  160          8525.2683          0.002017    
  161          8245.3655          0.001978    
  162          8245.8278          0.001982    
  163          8665.7978          0.002129    
  164          8290.2780          0.002105    
  165          8253.7624          0.002095    
  166          8297.9108          0.002090    
  167          8573.8609          0.002110    
  168          8307.9093          0.002086    
  169          8576.6664          0.002024    
  170          8576.8939          0.002055    
  171          8579.8286          0.002005    
  172          8382.2591          0.002002    
  173          8363.0338          0.001993    
  174          8509.9646          0.001981    
  175          8371.5728          0.001984    
  176          8187.9838          0.001999    
  177          8206.9198          0.002000    
  178          8179.8367          0.002151    
  179          8590.2669          0.002052    
  180          8418.0765          0.002011    
  181          8437.8624          0.002037    
  182          8516.6884          0.001997    
  183          8581.5019          0.001988    
  184          8048.0151          0.002002    
  185          8265.0762          0.002046    
  186          8358.0115          0.002022    
  187          8268.9098          0.002001    
  188          8089.6258          0.002004    
  189          8115.3680          0.001998    
  190          8339.4158          0.001981    
  191          8328.9155          0.002015    
  192          8113.5747          0.002041    
  193          8328.3818          0.002060    
  194          8339.3613          0.002053    
  195          8208.2914          0.002076    
  196          8215.4055          0.002135    
  197          8475.1376          0.002093    
  198          8493.0946          0.002091    
  199          8485.8633          0.002050    
  200          8199.7140          0.002281    
  201          8239.1374          0.002150    
  202          8227.1727          0.002065    
  203          8516.0604          0.002023    
  204          8416.5911          0.001997    
  205          8553.0923          0.001982    
  206          8554.7424          0.001996    
  207          8419.9553          0.002051    
  208          8400.4358          0.002010    
  209          8426.0133          0.002074    
  210          8337.2634          0.002040    
  211          8099.5274          0.002050    
  212          8120.3920          0.001980    
  213          8274.1626          0.001989    
  214          8411.4732          0.001971    
  215          8414.5947          0.003126    
  216          8350.1105          0.002067    
  217          8354.2893          0.002009    
  218          8238.3174          0.002018    
  219          8355.4714          0.002062    
  220          8204.0902          0.002091    
  221          8193.2996          0.002135    
  222          8169.2419          0.002124    
  223          8241.8227          0.002143    
  224          8252.6792          0.002129    
  225          8173.3611          0.002148    
  226          8160.9190          0.002056    
  227          8376.2399          0.002109    
  228          8483.0744          0.002107    
  229          8364.6756          0.002116    
  230          8018.3075          0.002112    
  231          8140.5373          0.002111    
  232          8120.0538          0.002130    
  233          8227.3894          0.002121    
  234          8005.2663          0.002122    
  235          8134.3374          0.002099    
  236          8138.8876          0.002229    
  237          8331.2170          0.002095    
  238          8177.5159          0.002072    
  239          8319.4479          0.002125    
  240          8325.1211          0.002188    
  241          8418.9178          0.002124    
  242          8233.2017          0.002155    
  243          8222.5822          0.002147    
  244          8455.3581          0.002108    
  245          8150.0026          0.002102    
  246          8468.1124          0.002094    
  247          8140.5786          0.002122    
  248          8273.4452          0.002176    
  249          8107.7134          0.002118    
  250          8339.3751          0.002121    
  251          8335.4726          0.002112    
  252          8361.8596          0.002135    
  253          8106.6063          0.002182    
  254          7984.3925          0.002129    
  255          7972.3294          0.002122    
  256          7996.4394          0.002113    
  257          8235.6917          0.002114    
  258          8104.2430          0.002070    
  259          8112.3733          0.002045    
  260          8042.2904          0.002127    
  261          8375.1096          0.002093    
  262          8205.0885          0.002079    
  263          8171.9009          0.002050    
  264          8427.7671          0.002035    
  265          8334.4203          0.002012    
  266          8445.2341          0.002021    
  267          8131.4327          0.002088    
  268          8400.1594          0.001994    
  269          8059.9450          0.002064    
  270          8131.9769          0.002034    
  271          8331.9852          0.002005    
  272          8113.3878          0.002004    
  273          8118.1347          0.002009    
  274          8314.9479          0.001994    
  275          8133.4630          0.001980    
  276          7973.0403          0.002051    
  277          8001.5105          0.002111    
  278          8002.8938          0.002140    
  279          8015.3472          0.002154    
  280          8064.0126          0.002190    
  281          8100.4668          0.002140    
  282          8320.1991          0.002159    
  283          8147.5577          0.002251    
  284          8176.6480          0.002257    
  285          8198.8129          0.002094    
  286          8192.6127          0.002057    
  287          8262.4348          0.002074    
  288          8127.5941          0.002133    
  289          8144.4821          0.002103    
  290          8150.3454          0.002081    
  291          8099.8993          0.002125    
  292          8156.1540          0.002084    
  293          8175.2268          0.002055    
  294          8169.9271          0.002050    
  295          8191.3501          0.002053    
  296          8131.3423          0.002105    
  297          8134.2478          0.002073    
  298          8338.0832          0.002141    
  299          8051.6561          0.002100    
  300          8055.6215          0.002121    
  301          7998.9270          0.002120    
  302          8050.6876          0.002104    
  303          8067.5524          0.002097    
  304          8058.1411          0.002135    
  305          8141.7854          0.002282    
  306          8112.0535          0.002151    
  307          8057.3057          0.002133    
  308          8137.4101          0.002143    
  309          8392.3569          0.002165    
  310          8105.5727          0.002187    
  311          8158.3774          0.002156    
  312          8169.8877          0.002175    
  313          8156.7438          0.002104    
  314          8169.8875          0.002103    
  315          8147.4930          0.002106    
  316          8194.7867          0.002093    
  317          8155.4230          0.002159    
  318          8151.8365          0.002084    
  319          8146.4310          0.002152    
  320          8227.1911          0.002108    
  321          8204.8396          0.002117    
  322          8124.4635          0.002137    
  323          8040.7317          0.002087    
  324          8119.8126          0.002100    
  325          8052.8931          0.002015    
  326          8053.1068          0.002797    
  327          8114.6442          0.002566    
  328          8127.5215          0.002023    
  329          8112.7935          0.001998    
  330          8149.6805          0.002002    
  331          8169.1674          0.001980    
  332          8161.7119          0.001976    
  333          8244.3878          0.002117    
  334          8242.2533          0.002059    
  335          8042.5473          0.002089    
  336          8187.6392          0.002082    
  337          8089.9074          0.002046    
  338          8168.4780          0.002043    
  339          8078.2874          0.001981    
  340          8107.5877          0.002026    
  341          8094.4649          0.001978    
  342          8094.4649          0.001976    
  343          8159.4989          0.002002    
  344          8189.7228          0.002005    
  345          8207.5669          0.001994    
  346          8161.1163          0.001998    
  347          8007.2690          0.001992    
  348          8018.7017          0.002040    
  349          8064.3466          0.001968    
  350          8217.3130          0.001966    
  351          8210.6576          0.001977    
  352          8103.3379          0.001979    
  353          8163.0589          0.001981    
  354          8144.0993          0.002037    
  355          8166.2446          0.002029    
  356          8207.2330          0.002048    
  357          8237.4624          0.002049    
  358          8110.7372          0.002015    
  359          8158.0631          0.001984    
  360          8075.9410          0.002033    
  361          8132.4516          0.002003    
  362          8082.8220          0.001983    
  363          8107.3430          0.001989    
  364          8085.9910          0.001987    
  365          8214.0534          0.001985    
  366          8622.7233          0.001985    
  367          8192.5983          0.002100    
  368          8205.3713          0.002046    
  369          8237.1960          0.002048    
  370          8215.6202          0.001970    
  371          8220.5463          0.002048    
  372          8168.9471          0.001987    
  373          8021.1106          0.001981    
  374          8079.4321          0.001981    
  375          8086.7253          0.002019    
  376          8294.6589          0.002001    
  377          8124.9495          0.001985    
  378          8190.1446          0.001992    
  379          8131.8308          0.001972    
  380          8159.9154          0.001989    
  381          8222.6500          0.002001    
  382          8095.3574          0.002014    
  383          8104.9343          0.001994    
  384          8076.3307          0.002006    
  385          8081.5090          0.001984    
  386          8612.4132          0.001986    
  387          8231.2521          0.001980    
  388          8207.3942          0.001969    
  389          8639.1148          0.001967    
  390          8383.5202          0.002131    
  391          8250.4922          0.002117    
  392          8228.2362          0.002041    
  393          8021.7795          0.002074    
  394          8219.3412          0.002054    
  395          8228.8822          0.002045    
  396          8083.8500          0.001983    
  397          8143.6596          0.002049    
  398          8177.5390          0.002135    
  399          8118.4005          0.002092    
  400          8146.0918          0.002095    
  401          8069.2150          0.002102    
  402          8104.1364          0.002092    
  403          8136.7221          0.002031    
  404          8090.9594          0.001998    
  405          8237.1003          0.002097    
  406          8376.9934          0.002043    
  407          8101.5287          0.001995    
  408          8501.4719          0.001994    
  409          8612.3385          0.001991    
  410          8230.8759          0.002011    
  411          8628.7463          0.002002    
  412          8203.7169          0.002221    
  413          8399.4328          0.002063    
  414          8311.2742          0.002024    
  415          8312.2737          0.001993    
  416          8313.7482          0.001996    
  417          8300.7812          0.002001    
  418          8298.1215          0.002001    
  419          8263.6528          0.002043    
  420          8305.2744          0.002004    
  421          8170.8969          0.003235    
  422          8378.4613          0.002027    
  423          8332.3980          0.002005    
  424          8139.1021          0.002002    
  425          8223.8933          0.002066    
  426          8204.9564          0.002006    
  427          8205.9461          0.002030    
  428          8066.4540          0.001983    
  429          8289.0278          0.001962    
  430          8391.0148          0.001993    
  431          8416.5177          0.001996    
  432          8365.5620          0.001984    
  433          8365.1291          0.001978    
  434          8551.3119          0.003127    
  435          8359.9072          0.002514    
  436          8400.3365          0.001978    
  437          8281.6932          0.002006    
  438          8297.3507          0.001969    
  439          8256.3119          0.001984    
  440          8342.2890          0.001975    
  441          8324.1813          0.002109    
  442          8307.5209          0.002013    
  443          8331.6660          0.001987    
  444          8264.9104          0.001989    
  445          8324.7716          0.001988    
  446          8335.0772          0.001994    
  447          8250.4816          0.001997    
  448          8132.5532          0.002036    
  449          8389.7623          0.002046    
  450          8151.8713          0.002091    
  451          8160.7638          0.002071    
  452          8117.9872          0.002079    
  453          8377.5510          0.002040    
  454          8240.7276          0.002019    
  455          8335.2393          0.001987    
  456          8314.4737          0.002116    
  457          8373.3974          0.002016    
  458          8379.3652          0.002098    
  459          8425.5160          0.002007    
  460          8384.4553          0.001989    
  461          8298.5429          0.001992    
  462          8267.8661          0.001977    
  463          8305.6691          0.002016    
  464          8370.9894          0.001985    
  465          8267.9603          0.001968    
  466          8309.9660          0.001983    
  467          8323.0134          0.001979    
  468          8262.9294          0.001977    
  469          8313.5014          0.001986    
  470          8345.4972          0.001984    
  471          8184.5399          0.002035    
  472          8379.5323          0.001978    
  473          8300.3092          0.001966    
  474          8199.7914          0.001969    
  475          8123.9995          0.001990    
  476          8107.9160          0.001992    
  477          8270.9143          0.001993    
  478          8311.5285          0.002022    
  479          8413.4556          0.002038    
  480          8215.2604          0.001991    
  481          8176.0467          0.001984    
  482          8176.0467          0.001986    
  483          8389.4766          0.001987    
  484          8321.7231          0.001997    
  485          8236.0399          0.002001    
  486          8265.9201          0.002866    
  487          8211.5892          0.002478    
  488          8214.4091          0.002042    
  489          8300.1762          0.002055    
  490          8282.2099          0.002042    
  491          8326.9691          0.002040    
  492          8290.7863          0.001985    
  493          8245.0734          0.002053    
  494          8316.7561          0.001976    
  495          8235.9528          0.001989    
  496          8283.3414          0.001982    
  497          8187.2769          0.001993    
  498          8249.0294          0.001993    
  499          8291.6365          0.001999    
  500          8316.4296          0.002170    
  501          8384.3875          0.002074    
  502          8394.5837          0.001998    
  503          8380.9572          0.001981    
  504          8224.1261          0.001980    
  505          8371.9386          0.001981    
  506          8231.2113          0.002008    
  507          8198.9869          0.002042    
  508          8197.0507          0.002036    
  509          8277.8554          0.002069    
  510          8279.5430          0.002055    
  511          8201.5513          0.002033    
  512          8286.5159          0.002020    
  513          8280.1327          0.001997    
  514          8286.3166          0.002085    
  515          8271.4321          0.002083    
  516          8304.7030          0.001998    
  517          8312.0679          0.001982    
  518          8312.4336          0.001977    
  519          8296.0653          0.001973    
  520          8320.8594          0.001984    
  521          8262.6562          0.001989    
  522          8315.0917          0.002059    
  523          8324.9854          0.002004    
  524          8276.0675          0.002007    
  525          8404.1719          0.001994    
  526          8406.7493          0.001986    
  527          8359.7542          0.001989    
  528          8591.8861          0.001987    
  529          8217.6375          0.002020    
  530          8193.5544          0.002036    
  531          8207.8094          0.002002    
  532          8185.7000          0.002040    
  533          8235.0570          0.002021    
  534          8192.6150          0.002006    
  535          8254.4915          0.002001    
  536          8298.1299          0.002041    
  537          8319.0185          0.002026    
  538          8318.6516          0.001998    
  539          8325.1504          0.001991    
  540          8310.7353          0.002010    
  541          8336.6059          0.002006    
  542          8371.6338          0.002121    
  543          8335.5540          0.002013    
  544          8283.9704          0.001989    
  545          8277.6563          0.001984    
  546          8400.7086          0.001967    
  547          8390.0054          0.001977    
  548          8402.4578          0.001999    
  549          8300.9293          0.001995    
  550          8341.9376          0.002026    
  551          8367.3023          0.001992    
  552          8188.2639          0.001981    
  553          8188.4939          0.001983    
  554          8257.8653          0.001983    
  555          8187.0993          0.001986    
  556          8232.9851          0.001992    
  557          8248.3973          0.001998    
  558          8311.4169          0.002022    
  559          8415.6796          0.001982    
  560          8278.8780          0.002007    
  561          8345.0513          0.002001    
  562          8338.4565          0.001993    
  563          8356.5717          0.001997    
  564          8365.8334          0.001992    
  565          8430.9316          0.002098    
  566          8385.6496          0.002029    
  567          8287.0722          0.002044    
  568          8291.0691          0.002048    
  569          8377.4558          0.002039    
  570          8374.0305          0.002013    
  571          8441.5455          0.001977    
  572          8353.1457          0.001980    
  573          8361.8231          0.002009    
  574          8368.5984          0.001977    
  ------------------------------------------

  Best Start Node:  255
  Best Cost:        7972.3294
  Worst Cost:       8690.2579
  Average Cost:     8297.6917

  Best Path (First 10 nodes): [255, 253, 230, 231, 232, 209, 210, 211, 188, 187]...
======================================================================