======================================================================
  GREEDY TSP ALGORITHM REPORT (Nearest Neighbor)
  Instance Name: U574
  Dimension:     574 cities
======================================================================

  Start Node   Cost (Distance)    Time (s)    
  ------------------------------------------
  0            46881.8665         0.003103    
  1            46910.4548         0.002679    
  2            46940.0284         0.004050    
  3            46999.3869         0.004126    
  4            47335.5677         0.003416    
  5            47355.4385         0.002439    
  6            47251.5008         0.002609    
  7            47186.2671         0.004078    
  8            47143.0958         0.003495    
  9            47117.9811         0.002437    
  10           46546.4893         0.002392    
  11           49034.7705         0.002435    
  12           47535.2858         0.002443    
  13           46886.5992         0.002329    
  14           46637.3663         0.002264    
  15           46736.6401         0.002227    
  16           46416.9868         0.002187    
  17           48469.9569         0.002408    
  18           48465.8284         0.002373    
  19           48533.7270         0.002386    
  20           46759.4359         0.002372    
  21           49279.7772         0.002315    
  22           47283.6312         0.002268    
  23           48415.6580         0.002256    
  24           49230.8260         0.002458    
  25           48531.5821         0.002321    
  26           49260.8009         0.002375    
  27           47621.6747         0.002241    
  28           50858.0211         0.002420    
  29           46247.2468         0.002361    
  30           47078.2392         0.002337    
  31           48765.3105         0.002268    
  32           48796.4395         0.002292    
  33           49481.7171         0.002357    
  34           49481.8690         0.002330    
  35           46876.8551         0.002390    
  36           46869.1767         0.002372    
  37           46891.3207         0.002365    
  38           46936.6274         0.002306    
  39           46950.2992         0.002380    
  40           46886.6620         0.002326    
  41           46951.9814         0.002308    
  42           46942.1642         0.002279    
  43           46947.7555         0.002271    
  44           47018.0390         0.002270    
  45           47186.6530         0.002293    
  46           46983.9702         0.003241    
  47           47212.1832         0.002447    
  48           46996.4530         0.002430    
  49           46999.6082         0.002541    
  50           47296.8762         0.002418    
  51           47326.2273         0.002399    
  52           46852.5916         0.002487    
  53           47205.7745         0.002319    
  54           48820.4023         0.002327    
  55           46986.5240         0.002313    
  56           46772.2220         0.002299    
  57           46589.8965         0.002299    
  58           49220.0631         0.002326    
  59           49124.6298         0.002385    
  60           48694.9289         0.002399    
  61           49018.3499         0.002363    
  62           48699.8633         0.002337    
  63           47118.8940         0.002322    
  64           47110.2908         0.002272    
  65           47039.9511         0.002320    
  66           46948.0814         0.002352    
  67           46911.0374         0.002384    
  68           46875.4453         0.002398    
  69           47791.7502         0.002317    
  70           48829.1368         0.002345    
  71           46901.3731         0.002329    
  72           48901.5374         0.002405    
  73           48892.4539         0.002329    
  74           48626.8041         0.002432    
  75           49112.9123         0.002403    
  76           49063.5264         0.002407    
  77           48582.6068         0.002372    
  78           46490.7430         0.002400    
  79           46671.3761         0.002410    
  80           47087.8538         0.002465    
  81           49277.2885         0.002427    
  82           48157.6387         0.002409    
  83           48110.8711         0.002355    
  84           47152.2427         0.002310    
  85           47054.6865         0.002366    
  86           50111.6047         0.002360    
  87           47807.3889         0.002334    
  88           50962.9886         0.002343    
  89           51465.6608         0.002339    
  90           51164.8865         0.002284    
  91           51148.1648         0.002410    
  92           50819.0766         0.002480    
  93           51104.5025         0.002340    
  94           46630.2769         0.002320    
  95           50532.7284         0.002354    
  96           48858.6281         0.002327    
  97           48881.6137         0.002328    
  98           46501.7995         0.002308    
  99           50792.3819         0.002295    
  100          50802.4031         0.002348    
  101          46493.1697         0.002281    
  102          46534.4406         0.002343    
  103          46584.5812         0.002313    
  104          46851.8932         0.002347    
  105          49342.8026         0.002325    
  106          46854.6674         0.002287    
  107          46897.7208         0.002272    
  108          48901.6261         0.002404    
  109          46936.3996         0.002326    
  110          48546.2997         0.002298    
  111          46989.5188         0.002277    
  112          48461.5469         0.002246    
  113          48922.6253         0.002256    
  114          48880.9335         0.003029    
  115          48916.3817         0.002550    
  116          48917.6863         0.002401    
  117          48885.5768         0.002337    
  118          48913.0805         0.002361    
  119          48475.1657         0.002270    
  120          46663.3925         0.002411    
  121          46623.7593         0.002412    
  122          48831.5029         0.002317    
  123          47818.2301         0.002448    
  124          47701.5170         0.002436    
  125          47669.3916         0.003210    
  126          49220.3834         0.002397    
  127          48749.9209         0.002399    
  128          48739.8975         0.002345    
  129          48675.5704         0.002546    
  130          47544.3099         0.002513    
  131          47511.9512         0.002380    
  132          47500.7465         0.002504    
  133          47626.8397         0.002361    
  134          48703.6334         0.002346    
  135          48716.9865         0.002503    
  136          48600.9670         0.002332    
  137          47374.1774         0.002376    
  138          47336.0753         0.002339    
  139          46398.8646         0.002400    
  140          46361.1229         0.002674    
  141          46690.2676         0.002519    
  142          46459.8604         0.002380    
  143          46568.9894         0.002495    
  144          46720.6005         0.002415    
  145          47387.5196         0.002382    
  146          48039.5081         0.002495    
  147          48039.7394         0.002325    
  148          47306.4306         0.002342    
  149          47262.4043         0.002352    
  150          47236.1038         0.002351    
  151          47263.2655         0.002338    
  152          48071.1478         0.002333    
  153          46794.3358         0.002407    
  154          47268.8516         0.002351    
  155          47877.8403         0.002335    
  156          46818.8254         0.002277    
  157          46869.0392         0.002254    
  158          46662.2473         0.002354    
  159          46692.8066         0.002235    
  160          46782.2823         0.002228    
  161          46851.0173         0.002219    
  162          46863.0962         0.002230    
  163          46697.0307         0.002280    
  164          49219.0332         0.002291    
  165          46354.2331         0.002312    
  166          47068.1509         0.002267    
  167          47222.3315         0.002278    
  168          47041.3957         0.002243    
  169          47052.8269         0.002246    
  170          46435.0453         0.002287    
  171          47508.2997         0.002384    
  172          47407.4063         0.002327    
  173          47408.2439         0.002299    
  174          46919.2072         0.002361    
  175          46328.1852         0.002284    
  176          46278.5592         0.002370    
  177          46544.5638         0.002304    
  178          46612.9652         0.002421    
  179          46593.0203         0.002349    
  180          46778.6013         0.002359    
  181          46611.9640         0.002394    
  182          46599.1191         0.002311    
  183          46736.6183         0.002334    
  184          46729.1309         0.002314    
  185          46747.5673         0.002352    
  186          46762.4115         0.002319    
  187          46707.0667         0.002318    
  188          47169.7173         0.002320    
  189          47440.0319         0.002288    
  190          47446.8491         0.002287    
  191          47309.5104         0.002372    
  192          47440.6556         0.002335    
  193          47500.2309         0.002329    
  194          47518.1803         0.002301    
  195          47535.4158         0.002273    
  196          46500.3958         0.002301    
  197          47546.1025         0.002281    
  198          47024.7409         0.002537    
  199          47600.5368         0.002679    
  200          47021.1278         0.002558    
  201          47007.1377         0.002457    
  202          46839.5661         0.002332    
  203          46598.6611         0.002298    
  204          45495.8611         0.002336    
  205          45502.3817         0.002237    
  206          47045.5986         0.002222    
  207          46823.8133         0.002215    
  208          46332.8683         0.002241    
  209          47791.4394         0.002225    
  210          46878.0663         0.002195    
  211          47444.2529         0.002275    
  212          47934.4217         0.002227    
  213          47924.6506         0.002231    
  214          47533.9122         0.002237    
  215          47068.6553         0.002258    
  216          48130.3169         0.002323    
  217          47136.9984         0.002274    
  218          47243.1923         0.002262    
  219          46743.7030         0.002318    
  220          47377.4278         0.002253    
  221          47375.1302         0.002215    
  222          47276.6058         0.002281    
  223          48373.1886         0.002356    
  224          47238.3117         0.002280    
  225          46812.3580         0.002277    
  226          47288.1728         0.002261    
  227          47339.2819         0.002276    
  228          47187.4023         0.002286    
  229          47184.1138         0.002280    
  230          47224.8185         0.002335    
  231          47721.7964         0.002357    
  232          47734.4471         0.002345    
  233          47708.3701         0.002299    
  234          47050.2538         0.002306    
  235          46946.0179         0.002283    
  236          47030.2434         0.002322    
  237          46714.9969         0.002272    
  238          46743.9181         0.002265    
  239          48033.2007         0.002266    
  240          47197.2721         0.002284    
  241          47656.2904         0.002267    
  242          47403.8857         0.002246    
  243          47769.8754         0.002356    
  244          47086.9714         0.002311    
  245          47083.9112         0.002297    
  246          47015.3187         0.002268    
  247          47457.4494         0.002315    
  248          46580.5775         0.002280    
  249          47537.7175         0.002284    
  250          47109.9360         0.002274    
  251          47104.7347         0.002240    
  252          47098.2716         0.002220    
  253          47723.2669         0.002239    
  254          47277.9384         0.002286    
  255          47337.9103         0.002254    
  256          47268.4014         0.002212    
  257          47260.8589         0.002187    
  258          47169.6385         0.002225    
  259          47245.7738         0.002266    
  260          47205.3201         0.002251    
  261          45729.4874         0.002257    
  262          45748.6931         0.002255    
  263          46355.4386         0.002223    
  264          46144.4492         0.002232    
  265          46075.5802         0.003089    
  266          45763.1776         0.003265    
  267          45693.5913         0.002260    
  268          46188.6318         0.002266    
  269          46250.0200         0.002261    
  270          46678.7844         0.002273    
  271          46666.9464         0.002314    
  272          46654.7286         0.002320    
  273          46711.6554         0.002276    
  274          46694.1504         0.002269    
  275          45980.5712         0.002290    
  276          45992.5225         0.002283    
  277          46003.3399         0.002246    
  278          45977.8642         0.002335    
  279          46003.5034         0.002328    
  280          46232.8200         0.002325    
  281          46764.9707         0.002291    
  282          46716.8529         0.002287    
  283          46655.0181         0.002300    
  284          46564.4869         0.002288    
  285          47070.8213         0.002290    
  286          46586.6173         0.002300    
  287          47054.9474         0.002313    
  288          47090.7633         0.002321    
  289          46931.7323         0.002299    
  290          47016.9482         0.002255    
  291          47055.8533         0.002344    
  292          47098.7740         0.002270    
  293          46872.8392         0.002255    
  294          46566.8539         0.002289    
  295          46644.0367         0.002275    
  296          45685.9177         0.002236    
  297          46699.6717         0.002218    
  298          46610.2307         0.002243    
  299          48909.0209         0.002220    
  300          45701.1548         0.002204    
  301          46525.8939         0.002212    
  302          45726.4974         0.002193    
  303          45675.9905         0.002205    
  304          46417.8448         0.002201    
  305          46601.7826         0.002185    
  306          46382.4387         0.002214    
  307          48941.6787         0.002196    
  308          49067.2244         0.002183    
  309          46569.8100         0.002252    
  310          46772.8272         0.002233    
  311          45740.4734         0.002232    
  312          45734.2812         0.002223    
  313          46253.6644         0.002249    
  314          46254.4204         0.002306    
  315          47150.5762         0.002258    
  316          47101.6356         0.002244    
  317          46732.4553         0.002253    
  318          47246.1019         0.002280    
  319          46703.2053         0.002267    
  320          45028.6061         0.004200    
  321          45024.9449         0.004239    
  322          46607.2590         0.002747    
  323          45012.6380         0.002263    
  324          45013.0702         0.002267    
  325          47220.9738         0.002940    
  326          45006.0293         0.002436    
  327          45074.5927         0.002355    
  328          44908.9966         0.002360    
  329          44923.7987         0.002394    
  330          46161.2097         0.002388    
  331          46287.2021         0.002420    
  332          46426.8038         0.002345    
  333          46386.5047         0.002343    
  334          46073.7245         0.002328    
  335          46398.9857         0.002292    
  336          45856.0835         0.002322    
  337          45933.3288         0.002310    
  338          45969.2248         0.002396    
  339          47140.7118         0.002392    
  340          46122.0442         0.002381    
  341          46133.5103         0.002348    
  342          46246.1313         0.002335    
  343          46214.1211         0.002322    
  344          45364.6987         0.002348    
  345          46071.3655         0.002331    
  346          46013.6159         0.002306    
  347          45905.8559         0.002309    
  348          45520.9434         0.002334    
  349          45584.9764         0.002366    
  350          45764.0592         0.002262    
  351          45531.8211         0.002262    
  352          47214.0480         0.002255    
  353          47233.5179         0.002301    
  354          46483.2723         0.002318    
  355          47364.7816         0.002309    
  356          46541.7655         0.002327    
  357          46510.7574         0.002266    
  358          48043.4265         0.002271    
  359          45698.2514         0.002279    
  360          47877.1105         0.002681    
  361          45618.9287         0.002292    
  362          45591.5477         0.002263    
  363          45665.7431         0.002369    
  364          47275.0388         0.002286    
  365          45537.8831         0.002293    
  366          44514.8354         0.002290    
  367          45962.5858         0.002276    
  368          45938.0954         0.002271    
  369          46068.1941         0.002310    
  370          45152.0505         0.002355    
  371          45985.9196         0.002344    
  372          47106.8418         0.002332    
  373          47458.5659         0.002331    
  374          47168.1473         0.002288    
  375          46576.1861         0.002288    
  376          45341.6923         0.002280    
  377          46498.0335         0.002418    
  378          46340.6369         0.002394    
  379          46505.0451         0.002339    
  380          45588.1675         0.002385    
  381          46399.7836         0.002311    
  382          46255.4492         0.002285    
  383          46231.8319         0.002308    
  384          46230.8633         0.002346    
  385          46658.0810         0.002266    
  386          46648.5102         0.002253    
  387          46696.9797         0.002315    
  388          46691.2702         0.002275    
  389          46696.2319         0.002242    
  390          46263.4283         0.002282    
  391          46979.3272         0.002381    
  392          46321.2409         0.002285    
  393          46324.8999         0.002255    
  394          45841.1230         0.002294    
  395          45887.1779         0.002311    
  396          45849.4597         0.002250    
  397          45759.3331         0.002244    
  398          46233.3407         0.002422    
  399          45914.2316         0.002255    
  400          46737.5955         0.002230    
  401          45856.2247         0.002205    
  402          46033.6699         0.002230    
  403          46188.7062         0.002277    
  404          47401.1168         0.002280    
  405          46668.3921         0.002355    
  406          47797.7886         0.002270    
  407          47792.9584         0.002271    
  408          46759.7904         0.002338    
  409          46284.8695         0.002389    
  410          46569.4339         0.002317    
  411          47407.6033         0.002323    
  412          46673.1023         0.002266    
  413          46196.3111         0.002268    
  414          46128.1904         0.002269    
  415          46208.4955         0.002300    
  416          46724.8648         0.002340    
  417          46353.3178         0.002357    
  418          46726.1312         0.002326    
  419          46393.7327         0.002332    
  420          46386.0561         0.002305    
  421          46387.3303         0.002335    
  422          46592.8235         0.002431    
  423          46562.7759         0.002308    
  424          46622.5492         0.002298    
  425          46579.1184         0.002279    
  426          46617.0392         0.002290    
  427          47123.9639         0.002287    
  428          46320.7826         0.002287    
  429          48227.3087         0.002385    
  430          48225.4788         0.002386    
  431          47145.3239         0.002352    
  432          47213.3024         0.002319    
  433          47274.5992         0.002306    
  434          48502.0987         0.002367    
  435          48566.3322         0.002343    
  436          47317.2858         0.003957    
  437          47241.7483         0.002248    
  438          47183.4362         0.002219    
  439          47289.4021         0.002192    
  440          47433.1803         0.002186    
  441          46743.3829         0.002201    
  442          46753.2780         0.002267    
  443          48073.4723         0.002206    
  444          48105.0924         0.002194    
  445          48047.6422         0.002178    
  446          48055.5521         0.002229    
  447          47674.1732         0.002236    
  448          46799.0376         0.002286    
  449          46777.6068         0.002244    
  450          46206.0114         0.002262    
  451          47004.4926         0.002264    
  452          46786.5574         0.002251    
  453          46271.2020         0.002255    
  454          46269.8203         0.002256    
  455          46791.4666         0.002319    
  456          47255.6437         0.002301    
  457          45997.1757         0.002283    
  458          47341.0300         0.002271    
  459          46128.8509         0.002345    
  460          45907.0913         0.002306    
  461          46224.1056         0.002269    
  462          46158.6914         0.002266    
  463          46707.4887         0.002249    
  464          46855.1469         0.002261    
  465          46059.5716         0.002247    
  466          47200.7348         0.002292    
  467          46968.0390         0.002279    
  468          47237.3195         0.002268    
  469          46789.3737         0.002246    
  470          46697.2316         0.002282    
  471          46693.6825         0.002295    
  472          47195.3567         0.002256    
  473          46817.9131         0.002386    
  474          46732.7287         0.002376    
  475          46214.0146         0.002380    
  476          46916.9253         0.002420    
  477          46757.6172         0.002522    
  478          47002.1249         0.002554    
  479          46965.8941         0.002521    
  480          47099.9302         0.002534    
  481          47182.0152         0.002431    
  482          46721.6885         0.002432    
  483          46802.2045         0.002466    
  484          46585.1469         0.002399    
  485          46924.0576         0.002276    
  486          46988.6920         0.002246    
  487          46952.0625         0.002351    
  488          46442.6472         0.002360    
  489          47407.2382         0.002287    
  490          47407.9072         0.002299    
  491          47413.0753         0.002306    
  492          47352.3889         0.002333    
  493          47356.1974         0.002402    
  494          47360.9013         0.002444    
  495          47523.6501         0.002362    
  496          46799.6848         0.002335    
  497          46988.0932         0.002350    
  498          46993.8117         0.002354    
  499          46565.7275         0.002325    
  500          46570.6237         0.002673    
  501          47501.9429         0.003053    
  502          47501.3045         0.002326    
  503          46410.5836         0.002335    
  504          46411.0905         0.002360    
  505          47690.9804         0.002324    
  506          47738.5057         0.002304    
  507          47695.7033         0.002426    
  508          47367.0907         0.002418    
  509          47974.7013         0.002350    
  510          47647.9011         0.002345    
  511          47935.9733         0.002285    
  512          48345.8036         0.002275    
  513          47777.5189         0.002283    
  514          46757.5318         0.002334    
  515          47130.4285         0.002331    
  516          47346.3693         0.002367    
  517          47163.0603         0.002357    
  518          47155.6337         0.002609    
  519          47926.9852         0.002402    
  520          47430.4566         0.002388    
  521          47528.5689         0.002341    
  522          46634.0781         0.002340    
  523          46587.8643         0.002362    
  524          47511.5378         0.002306    
  525          47631.9363         0.002299    
  526          47671.4040         0.002272    
  527          47609.2987         0.002430    
  528          48228.9561         0.002399    
  529          48276.2015         0.002334    
  530          47642.8117         0.002460    
  531          47658.4410         0.002281    
  532          47435.3314         0.002218    
  533          47451.3969         0.002218    
  534          47682.2541         0.002260    
  535          47757.2013         0.002253    
  536          48550.7788         0.002299    
  537          47858.7386         0.002238    
  538          47832.4148         0.002252    
  539          47898.4336         0.002245    
  540          47860.1345         0.002236    
  541          47809.4178         0.002340    
  542          47915.6934         0.002265    
  543          48403.1750         0.002291    
  544          48530.1866         0.002420    
  545          47821.6498         0.002301    
  546          48562.3655         0.002310    
  547          47815.0762         0.002308    
  548          47882.6274         0.002339    
  549          48557.5654         0.002412    
  550          48630.0216         0.002349    
  551          48644.3865         0.002379    
  552          48616.8913         0.002404    
  553          47053.8463         0.002334    
  554          47246.3905         0.002333    
  555          47271.5674         0.002322    
  556          47272.0677         0.002311    
  557          47215.1007         0.002295    
  558          47285.7753         0.002417    
  559          47375.6409         0.002401    
  560          47407.3356         0.002367    
  561          47436.2783         0.002348    
  562          47324.6132         0.002345    
  563          47484.4703         0.002369    
  564          47489.6320         0.002406    
  565          47051.2398         0.003481    
  566          47050.8505         0.003329    
  567          46917.3578         0.002358    
  568          46917.3099         0.002338    
  569          47448.7418         0.002292    
  570          46876.2247         0.002268    
  571          47000.4878         0.002426    
  572          46995.4344         0.002289    
  573          46876.2247         0.002303    
  ------------------------------------------

  Best Start Node:  366
  Best Cost:        44514.8354
  Worst Cost:       51465.6608
  Average Cost:     47158.4047

  Best Path (First 10 nodes): [366, 367, 368, 346, 345, 344, 369, 370, 340, 341]...
======================================================================