======================================================================
  GREEDY TSP ALGORITHM REPORT (Nearest Neighbor)
  Instance Name: LIN318
  Dimension:     318 cities
======================================================================

  Start Node   Cost (Distance)    Time (s)    
  ------------------------------------------
  0            54033.5768         0.001161    
  1            54045.8215         0.001107    
  2            53590.1399         0.001108    
  3            53671.9930         0.001098    
  4            53678.3019         0.001101    
  5            54310.7176         0.001088    
  6            54108.5325         0.001020    
  7            53139.5028         0.000972    
  8            53488.4782         0.000978    
  9            53620.2565         0.000967    
  10           53570.2296         0.000974    
  11           53370.4410         0.000969    
  12           53523.6143         0.001167    
  13           53519.7619         0.001031    
  14           53866.6480         0.001102    
  15           53104.1409         0.001015    
  16           52939.6817         0.001002    
  17           53081.4522         0.001005    
  18           53393.5092         0.000989    
  19           53279.3885         0.001003    
  20           53479.5670         0.001009    
  21           53494.1870         0.001010    
  22           53707.4363         0.001021    
  23           53429.4494         0.000958    
  24           53022.4455         0.000957    
  25           52971.9658         0.000982    
  26           53379.5482         0.001015    
  27           53658.1698         0.000966    
  28           53818.7367         0.000954    
  29           53716.1900         0.000947    
  30           53709.2609         0.000955    
  31           53671.3547         0.000952    
  32           53669.4372         0.000954    
  33           53449.4536         0.000952    
  34           51090.2935         0.000953    
  35           55092.3909         0.000949    
  36           54984.2375         0.000959    
  37           51615.9671         0.000965    
  38           55100.6784         0.000980    
  39           53189.8942         0.000960    
  40           53495.6174         0.000975    
  41           51457.1082         0.000971    
  42           52648.5197         0.001063    
  43           52709.6394         0.000977    
  44           53152.3238         0.000965    
  45           52378.2142         0.000969    
  46           52745.7779         0.000966    
  47           53018.4383         0.000951    
  48           54037.7809         0.000958    
  49           53034.5053         0.000954    
  50           52981.0277         0.000962    
  51           51459.5673         0.000958    
  52           51370.6109         0.000954    
  53           52091.0243         0.001004    
  54           53061.6768         0.000959    
  55           52194.8400         0.000953    
  56           52567.7703         0.000946    
  57           51726.2689         0.000952    
  58           52422.4015         0.001054    
  59           54120.1128         0.000992    
  60           51825.5621         0.000991    
  61           52046.6535         0.000960    
  62           52053.3068         0.000959    
  63           51652.1368         0.000958    
  64           54400.0829         0.000950    
  65           54296.2812         0.000956    
  66           51652.1368         0.000965    
  67           51713.6226         0.000959    
  68           52596.5669         0.000963    
  69           52424.3758         0.000954    
  70           51798.2008         0.000954    
  71           51591.2178         0.000954    
  72           51609.4390         0.000967    
  73           52620.1791         0.000960    
  74           52597.0746         0.001023    
  75           51700.1560         0.000980    
  76           51753.4407         0.000968    
  77           51970.8151         0.000960    
  78           51752.6761         0.000970    
  79           51696.6791         0.000954    
  80           52576.9221         0.000965    
  81           52023.9402         0.000957    
  82           51886.9380         0.000965    
  83           52128.9777         0.000961    
  84           51878.6114         0.000989    
  85           52249.2160         0.000952    
  86           51289.7110         0.000961    
  87           51542.7874         0.000962    
  88           58862.7628         0.000972    
  89           58768.9817         0.000987    
  90           52712.1579         0.000991    
  91           52755.6534         0.001018    
  92           53078.1855         0.000966    
  93           51410.3164         0.000965    
  94           51584.2227         0.000967    
  95           52019.6038         0.000962    
  96           52011.7616         0.000957    
  97           52862.3872         0.000952    
  98           52207.4770         0.000954    
  99           51534.4312         0.000951    
  100          52011.7616         0.000961    
  101          52010.3617         0.000955    
  102          53752.4912         0.000960    
  103          52949.5019         0.000955    
  104          52211.9100         0.000956    
  105          52938.1448         0.001078    
  106          52967.9870         0.000989    
  107          53472.9702         0.000977    
  108          53744.7663         0.000968    
  109          53751.2545         0.000971    
  110          51738.7217         0.000963    
  111          53290.1725         0.000962    
  112          53807.3494         0.000966    
  113          52385.6638         0.000960    
  114          53333.2592         0.000960    
  115          53303.8355         0.001012    
  116          54340.0993         0.000975    
  117          53613.6899         0.000965    
  118          53612.1575         0.000969    
  119          53498.4523         0.000964    
  120          53369.7091         0.001008    
  121          53382.1449         0.000975    
  122          53399.0738         0.001028    
  123          52603.3142         0.001028    
  124          53138.7981         0.001010    
  125          53128.4974         0.000992    
  126          53130.4560         0.000981    
  127          51394.7843         0.000975    
  128          52670.0226         0.000972    
  129          53348.1386         0.000959    
  130          53304.5364         0.000961    
  131          52645.6762         0.000959    
  132          51347.8870         0.000968    
  133          51215.8696         0.000962    
  134          51244.7940         0.000977    
  135          51188.7638         0.000973    
  136          51128.3030         0.001216    
  137          52914.6603         0.000973    
  138          53942.4517         0.000966    
  139          51609.1008         0.000954    
  140          54107.7825         0.000967    
  141          53999.8798         0.000966    
  142          51668.3695         0.000969    
  143          51439.5275         0.000954    
  144          51142.3015         0.000960    
  145          51691.7968         0.001016    
  146          51473.5547         0.000967    
  147          53176.8194         0.000949    
  148          52938.5244         0.000958    
  149          51920.6503         0.000959    
  150          52519.6375         0.000964    
  151          52998.1418         0.001022    
  152          53197.0444         0.001036    
  153          54469.0931         0.000981    
  154          53187.5641         0.000984    
  155          53456.0934         0.000974    
  156          51659.8004         0.000984    
  157          51558.6511         0.000981    
  158          53403.8748         0.000981    
  159          53189.3580         0.000975    
  160          53133.9949         0.000971    
  161          51657.8607         0.000965    
  162          53282.7038         0.000964    
  163          51484.0958         0.000971    
  164          51843.4693         0.000969    
  165          52774.2128         0.000971    
  166          51177.2934         0.001001    
  167          53516.2838         0.000980    
  168          49730.4852         0.000976    
  169          53674.1824         0.000951    
  170          53577.7845         0.000953    
  171          53523.7801         0.000959    
  172          53552.5029         0.000959    
  173          53147.3733         0.000977    
  174          53005.2626         0.000971    
  175          53522.8062         0.000968    
  176          49973.3518         0.000961    
  177          53427.7117         0.001022    
  178          53199.7336         0.000956    
  179          53192.0935         0.000965    
  180          53500.1641         0.000962    
  181          53437.9244         0.000970    
  182          50547.8798         0.001010    
  183          53428.1723         0.000968    
  184          53481.5970         0.000955    
  185          53184.0758         0.000958    
  186          50601.0049         0.000954    
  187          53600.8426         0.000961    
  188          49931.5335         0.000956    
  189          49805.7929         0.000956    
  190          53337.6898         0.000955    
  191          52745.2341         0.000957    
  192          52990.1222         0.000968    
  193          49215.6125         0.000957    
  194          49294.7416         0.000952    
  195          51219.0910         0.000958    
  196          50980.3529         0.000957    
  197          53825.0500         0.001090    
  198          52889.0937         0.000995    
  199          53060.2762         0.000986    
  200          51417.4352         0.000986    
  201          51192.7402         0.000998    
  202          53667.6898         0.000997    
  203          51543.2136         0.000992    
  204          53014.8514         0.000985    
  205          51536.4767         0.000976    
  206          51712.1764         0.000965    
  207          52979.4539         0.000984    
  208          51257.1915         0.000984    
  209          52981.6770         0.000994    
  210          53792.5511         0.000990    
  211          53821.1241         0.000989    
  212          52013.7593         0.001016    
  213          51769.4062         0.000988    
  214          51762.9880         0.000972    
  215          52698.2355         0.000969    
  216          53364.0393         0.000962    
  217          51704.4638         0.000965    
  218          53245.2302         0.000954    
  219          53413.7128         0.000956    
  220          53387.0706         0.000957    
  221          52251.1818         0.000958    
  222          53301.3138         0.000953    
  223          53245.2302         0.000949    
  224          53600.6014         0.000955    
  225          51140.6659         0.000958    
  226          51109.9608         0.000964    
  227          51135.4075         0.000953    
  228          53532.5760         0.001069    
  229          52231.7867         0.000972    
  230          52221.4860         0.000982    
  231          52223.4446         0.000972    
  232          51643.8646         0.000989    
  233          53611.1355         0.000976    
  234          51066.1930         0.000983    
  235          51007.2921         0.000973    
  236          53596.8842         0.000981    
  237          51582.3008         0.000970    
  238          51670.4797         0.001027    
  239          51576.7792         0.000961    
  240          51538.3970         0.000973    
  241          51481.3153         0.000970    
  242          53426.7651         0.000974    
  243          51921.2029         0.001009    
  244          51915.0510         0.000999    
  245          51375.5258         0.000987    
  246          51414.6581         0.000986    
  247          52712.8120         0.000979    
  248          52659.0205         0.000998    
  249          51535.4591         0.000982    
  250          50331.5213         0.000993    
  251          51870.5517         0.000985    
  252          50508.2997         0.000994    
  253          50320.7267         0.000973    
  254          50423.4926         0.000970    
  255          49769.1386         0.000973    
  256          50336.4324         0.000991    
  257          54721.6140         0.000973    
  258          53482.2154         0.000962    
  259          54761.6296         0.000986    
  260          55101.3936         0.000976    
  261          51990.7928         0.000968    
  262          51985.1502         0.000975    
  263          55094.6460         0.000968    
  264          54813.2048         0.000970    
  265          54807.7964         0.000966    
  266          50973.4721         0.000967    
  267          55057.7709         0.000953    
  268          52728.8704         0.000995    
  269          51703.7402         0.000967    
  270          51574.9087         0.000967    
  271          52178.4522         0.000968    
  272          50455.8434         0.000968    
  273          51064.0976         0.000960    
  274          52027.7295         0.001030    
  275          51973.1422         0.000975    
  276          50298.7316         0.000983    
  277          50300.7125         0.000973    
  278          52475.3991         0.000967    
  279          52376.5438         0.000958    
  280          52691.7753         0.000970    
  281          51148.6054         0.000969    
  282          50133.0504         0.000970    
  283          52550.1429         0.000969    
  284          52551.2296         0.000971    
  285          50178.7767         0.000958    
  286          52675.8565         0.000969    
  287          52841.2736         0.000967    
  288          52673.1743         0.000976    
  289          50139.3962         0.000982    
  290          52550.0164         0.001172    
  291          52898.6048         0.000978    
  292          52810.0543         0.000975    
  293          53989.8541         0.000962    
  294          53746.8425         0.000965    
  295          52633.4732         0.000970    
  296          52595.4631         0.000975    
  297          52651.1958         0.000970    
  298          51650.2366         0.000970    
  299          51723.7160         0.001020    
  300          52699.4683         0.000985    
  301          52852.6054         0.000976    
  302          53181.3778         0.000975    
  303          51827.9846         0.000962    
  304          51807.4770         0.000969    
  305          52895.4173         0.001012    
  306          53054.1411         0.000982    
  307          53135.2488         0.000972    
  308          52877.1692         0.000977    
  309          51742.9328         0.000970    
  310          53010.1803         0.000988    
  311          53184.8202         0.000980    
  312          53877.6053         0.000991    
  313          51598.8449         0.000982    
  314          50192.7693         0.000984    
  315          54844.4956         0.000981    
  316          54856.4462         0.000979    
  317          51640.2693         0.000972    
  ------------------------------------------

  Best Start Node:  193
  Best Cost:        49215.6125
  Worst Cost:       58862.7628
  Average Cost:     52599.1611

  Best Path (First 10 nodes): [193, 194, 185, 179, 178, 173, 174, 177, 180, 184]...
======================================================================